Patterns found: 

0.0944549814  303
0.1293487996  57
0.1260252595  682
0.1303300858  716
0.1204059422  308
0.0298409183  526
0.2407682836  435
0.2701156139  525
0.0963853374  120
0.1344835013  522
0.1085670814  82
0.0579096675  983
0.2582387626  883
0.1177472249  184
0.1341106892  40
0.1257100403  165
0.1121396571  36
0.0366828740  939
0.1055657715  780
0.0766981840  352
0.0260078330  110
0.0335525349  696
0.1250443012  175
0.0244192760  151
0.0440388024  957
0.0839479864  159
0.0440872610  565
0.0271218400  28
0.1263267547  647
0.2392818481  459
0.0413309820  772
0.1867062747  162
0.0373509154  58
0.2530495226  127
0.0345172025  326
0.0367833748  512
0.0251985658  264
0.0327935442  476
0.0430868119  796
0.0315340646  231
0.0286917631  49
0.0315865539  27
0.0407102294  430
0.0604377873  931
0.0261045042  667
0.0006428619  863
0.0979905501  126
0.0026130569  835
0.0779769048  709
0.0068723843  851
0.0008066637  106
0.0364843458  66
0.0619874261  193
0.0128644649  665
0.0066552432  412
0.0006777596  575
0.0006276605  470
0.0007482690  395
0.0004623855  827
0.0447621793  460
0.0619959906  541
0.1529983580  592
0.0286445078  773
0.0276047438  330
0.0272512604  640
0.0433693007  803
0.0414934941  914
0.0275278427  91
0.0380525589  310
0.1533399820  372
0.1704506874  83
0.1007204950  477
0.0406128913  955
0.0270390380  760
0.0955206901  228
0.0758065805  998
0.1502100080  797
0.0599368848  186
0.0652002990  106
0.0344867185  138
0.0539848953  414
0.0408398025  548
0.0440673716  786
0.0548008122  619
0.0439345464  819
0.0448454730  941
0.0246679429  710
0.0346362554  607
0.0944549814  303
0.0541156568  688
0.0620878749  790
0.0582161061  799
0.0313719399  95
0.0502170622  99
0.0663466603  370
0.0247704927  964
0.0075236359  466
0.0410315841  610
0.0293564219  425
0.0280968361  274
0.0271651205  723
0.0064736237  966
0.0250329152  339
0.0330793932  550
0.0059960969  222
0.0431373529  42
0.0057301214  353
0.0329847708  603
0.0394128934  839
0.0293995980  409
0.0207848363  709
0.0096588265  285
0.0278887507  712
0.0863168985  892
0.0770906210  532
0.1226763502  206
0.1213811859  841
0.0894441977  62
0.0875528678  943
0.0838878676  812
0.0789416358  857
0.0726159140  945
0.0792132542  976
0.0876691639  503
0.1056577638  76
0.0773869306  656
0.0984474793  320
0.0777103305  178
0.0756302178  404
0.0746717602  781
0.1170316562  632
0.0893295258  4
0.1645184159  563
0.1972330511  217
0.1950149685  130
0.2106946409  729
0.1900875717  299
0.1518897712  322
0.1993235648  560
0.1540040076  522
0.1527918875  760
0.1789135188  913
0.1564649940  304
0.1597554684  937
0.1782066673  100
0.1664705426  799
0.2041840255  190
0.1517016292  630
0.1834746003  359
0.1920970529  602
0.1715279520  937
0.1805268377  503
0.1792937517  448
0.1599566191  668
0.2628081739  103
0.1962595135  592
0.1736645401  568
0.1527297646  188
0.1720504165  408
0.2934495211  127
0.1585910916  513
0.2989438474  3
0.1536199450  956
0.2371715158  298
0.1965066344  37
0.1730204076  571
0.2208486348  655
0.1644365788  952
0.1220323890  836
0.0842659622  113
0.0702175647  546
0.0779535621  53
0.0785052329  67
0.1012053564  480
0.1235072166  75
0.0875185058  401
0.0803909600  813
0.1211858541  453
0.0868282616  508
0.1313603967  76
0.0855969787  841
0.1183429286  61
0.1311553121  763
0.1094864011  597
0.0962989181  427
0.1194546521  510
0.0756195337  354
0.0790066719  839
0.1275001764  704
0.1409775019  883
0.1190818697  626
0.0735863224  925
0.0263614953  676
0.0374286696  838
0.0792791024  459
0.1246606782  229
0.1869801283
0.0888882503  73
0.0346268043  873
0.0933543444  550
0.1003148630  200
0.1068388298  272
0.1089066565  564
0.0744058564  174
0.1237011924  149
0.1185088679  98
0.1337667257  226
0.1060120463  453
0.1271748543  72
0.0838593245  921
0.1072781980  327
0.1260925084  343
0.0789413005  145
0.1293761730  641
0.0963192955  981
0.1347081363  571
0.0996516123  277
0.1296152920  985
0.1305188686  311
0.1123715192  982
0.0944549814  303
0.0738904774  554
0.1344454139  479
0.1449450552  869
0.0701820031  376
0.0944549814  303
0.1250329763  691
0.1201939061  441
0.2496629208  546
0.2571113408  8
0.2743535638  907
0.1963861734  106
0.2134468555  310
0.2879092693  938
0.2280275375  325
0.2035910785  168
0.1527537107  510
0.2546241879  797
0.2635415196  550
0.1847478449  973
0.2506471276  224
0.2152965665  815
0.1514284909  279
0.2634497583  107
0.0381662399  633
0.0402917266  326
0.0305610634  615
0.0635211244  130
0.0360277370  348
0.0664788559  820
0.0426992998  862
0.0375296660  531
0.0528624542  394
0.0307815019  399
0.0431595892  911
0.0530822948  505
0.0268907566  317
0.0267428122  508
0.0329698995  864
0.0520651899  509
0.0301068947  780
0.0616704412
0.0579162836  946
0.0944549814  303
0.0332374088  139
0.0944549814  303
0.0393460952  628
0.0350158140  413
0.1277152449  816
0.1048242748  114
0.0767184049  369
0.1449764967  959
0.1061831191  193
0.1024017930  35
0.1171232983  254
0.1321011931  701
0.1212537140  225
0.1099270657  554
0.1038829237  681
0.1316918135  135
0.1084524319  712
0.1042126641  789
0.1059139371  286
0.0948242545  600
0.1220208630  365
0.1173395663  61
0.1313190013  324
0.1204104200  750
0.0856875703  961
0.1135015935  727
0.1201984510  492
0.1172292605  904
0.2497895360  246
0.2327628881  23
0.2909817696  748
0.2207795233  240
0.2095550746  259
0.1825909019  423
0.1844300628  240
0.1840664148  379
0.2835449576  28
0.2033399045  751
0.2604461610  900
0.2131719142  674
0.1508329213  242
0.0944549814  303
